black = [0 0 0];
maroon = [122 0 25]/256;
gold = [255 204 51]/256;
blue = [0 75 135]/256;
orange = [226 100 55]/256;
green = [63 150 87]/256;